4.588920
4.588917
4.588914
4.588911
4.588908
4.588905
4.588902
4.588899
4.588896
4.588894
4.588891
4.588888
4.588885
4.588882
4.588879
4.588876
4.588873
4.588870
4.588867
4.588864
4.588861
4.588858
4.588856
4.588853
4.588851
4.588848
4.588846
4.588844
4.588843
4.588841
4.588840
4.588838
4.588838
4.588837
4.588836
4.588836
4.588836
4.588837
4.588838
4.588839
4.588840
4.588842
4.588844
4.588846
4.588849
4.588852
4.588856
4.588860
4.588864
4.588869
4.588875
4.588880
4.588886
4.588893
4.588900
4.588908
4.588916
4.588924
4.588933
4.588943
4.588953
4.588963
4.588975
4.588986
4.588998
4.589011
4.589025
