2489.772976
2489.689035
2489.605110
2489.521204
2489.437317
2489.353450
2489.269604
2489.185780
2489.101978
2489.018200
2488.934446
2488.850717
2488.767014
2488.683338
2488.599689
2488.516069
2488.432477
2488.348916
2488.265384
2488.181885
2488.098417
2488.014981
2487.931579
2487.848211
2487.764878
2487.681580
2487.598318
2487.515092
2487.431904
2487.348754
2487.265642
2487.182569
2487.099535
2487.016542
2486.933589
2486.850678
2486.767809
2486.684981
2486.602197
2486.519456
2486.436759
2486.354106
